https://ru.wikipedia.org/wiki/%D0%9D%D0%B0%D1%81%D0%B5%D0%BB%D0%B5%D0%BD%D0%B8%D0%B5_%D1%81%D1%83%D0%B1%D1%8A%D0%B5%D0%BA%D1%82%D0%BE%D0%B2_%D0%A0%D0%BE%D1%81%D1%81%D0%B8%D0%B9%D1%81%D0%BA%D0%BE%D0%B9_%D0%A4%D0%B5%D0%B4%D0%B5%D1%80%D0%B0%D1%86%D0%B8%D0%B8

# 	Субъект
РФ 	15.I.
1959
[4] 	15.I.
1970
[5] 	17.I.
1979
[6] 	12.I.
1989
[7] 	9.X.
2002
[8] 	14.X.
2010
[9] 	1.I.
2013
[10] 	1.I.
2014
[11] 	1.I.
2015
[12] 	1.I.
2016
[13] 	1.I.
2017
[14]
1 	Москва[15] 	5085581 	7061008 	8010954 	8967232 	10382754 	11503501 	11979529 	12108257 	12197596 	12330126 	12380664
2 	Московская область[15] 	5863003 	5774529 	6359385 	6693623 	6618538 	7095120 	7048084 	7133620 	7231068 	7318647 	7423470
3 	Краснодарский край[16] 	3477809 	4124163 	4410331 	4680560 	5125221 	5226647 	5330181 	5404273 	5453329 	5513804 	5570945
4 	Санкт-Петербург 	3321196 	3949501 	4588183 	5023506 	4661219 	4879566 	5028000 	5131942 	5191690 	5225690 	5281579
5 	Свердловская область 	4044416 	4319741 	4453491 	4716768 	4486214 	4297747 	4315830 	4320677 	4327472 	4330006 	4329341
6 	Ростовская область 	3311747 	3831262 	4080647 	4308654 	4404013 	4277976 	4254613 	4245532 	4242080 	4236000 	4231355
7 	Республика Башкортостан 	3341609 	3818075 	3848627 	3950482 	4104336 	4072292 	4060957 	4069698 	4071987 	4071064 	4066972
8 	Республика Татарстан 	2850417 	3131238 	3435644 	3637809 	3779265 	3786488 	3822038 	3838230 	3855037 	3868730 	3885253
9 	Тюменская область[17] 	1092126 	1406101 	1887152 	3080621 	3264841 	3395755 	3510683 	3546345 	3581293 	3615485 	3660030
10 	Челябинская область 	2976625 	3288801 	3438866 	3623732 	3603339 	3476217 	3485272 	3490053 	3497274 	3500716 	3502323
11 	Нижегородская область 	3590274 	3682484 	3695523 	3714322 	3524028 	3310597 	3289841 	3281496 	3270203 	3260267 	3247713
12 	Самарская область 	2258359 	2750926 	3092866 	3265586 	3239737 	3215532 	3213289 	3211187 	3212676 	3205975 	3203679
13 	Республика Дагестан 	1062472 	1428540 	1627884 	1802579 	2576531 	2910249 	2946035 	2963918 	2990371 	3015660 	3041900
14 	Красноярский край[18] 	2204051 	2516167 	2697474 	3027655 	2966042 	2828187 	2846475 	2852810 	2858773 	2866490 	2875301
15 	Ставропольский край[19] 	1604952 	1961129 	2170876 	2439628 	2735139 	2786281 	2790785 	2794508 	2799473 	2801597 	2804383
16 	Новосибирская область 	2298481 	2505249 	2618024 	2782005 	2692251 	2665911 	2709461 	2731176 	2746822 	2762237 	2779555
17 	Кемеровская область 	2785872 	2918353 	2958066 	3176335 	2899142 	2763135 	2742450 	2734075 	2724990 	2717627 	2708844
18 	Пермский край 	2992876 	3023443 	3011540 	3099994 	2819421 	2635276 	2634461 	2636154 	2637032 	2634409 	2632097
19 	Волгоградская область 	1853928 	2322910 	2475245 	2593944 	2699223 	2610161 	2583002 	2569126 	2557397 	2545937 	2535202
20 	Саратовская область 	2162751 	2454083 	2559977 	2686483 	2668310 	2521892 	2503305 	2496552 	2493024 	2487529 	2479260
21 	Иркутская область 	1976453 	2313410 	2559522 	2830641 	2581705 	2428750 	2422026 	2418348 	2414913 	2412800 	2408901
22 	Алтайский край[20] 	2526104 	2502000 	2502779 	2630656 	2607426 	2419755 	2398751 	2390638 	2384812 	2376774 	2365680
23 	Воронежская область 	2368695 	2526928 	2478544 	2469766 	2378803 	2335380 	2330377 	2328959 	2331147 	2333477 	2335408
24 	Оренбургская область 	1829481 	2049976 	2088553 	2174459 	2179551 	2033072 	2016086 	2008566 	2001110 	1994762 	1989589
25 	Омская область 	1645017 	1823831 	1954663 	2140336 	2079220 	1977665 	1973985 	1973876 	1978183 	1978466 	1972682
26 	Приморский край 	1381018 	1721285 	1977779 	2258391 	2071210 	1956497 	1947263 	1938516 	1933308 	1929008 	1923116
27 	Республика Крым[21][22][23] 	1049395 	1558567 	1849840 	2065829 	2008700 	1954800 	1956422 	1958504 	1895915 	1907106 	1912168
28 	Ленинградская область 	1244991 	1435729 	1519165 	1661173 	1669205 	1716868 	1751135 	1763924 	1775540 	1778857 	1791916
29 	Ханты-Мансийский автономный округ — Югра 	123926 	271157 	569139 	1268439 	1432817 	1532243 	1584063 	1597248 	1612076 	1626755 	1646078
30 	Белгородская область 	1226328 	1261140 	1304675 	1380723 	1511620 	1532526 	1540985 	1544108 	1547936 	1550137 	1552865
31 	Удмуртская Республика 	1336927 	1417675 	1493670 	1609003 	1570316 	1521420 	1517692 	1517050 	1517472 	1517164 	1516826
32 	Тульская область 	1920308 	1952467 	1906176 	1867013 	1675758 	1553925 	1532436 	1521497 	1513570 	1506446 	1499417
33 	Тюменская область без ХМАО и ЯНАО 	905866 	1054967 	1160397 	1326018 	1325018 	1340608 	1385008 	1409426 	1429232 	1454626 	1477903
33 	Чеченская Республика[24] 	710424 	1064471 	1153450 	1275513 	1103686 	1268989 	1324767 	1346438 	1370268 	1394172 	1414865
34 	Владимирская область 	1402910 	1510913 	1580382 	1653938 	1523990 	1443693 	1421742 	1413321 	1405613 	1397168 	1389599
35 	Пензенская область 	1507765 	1535970 	1503198 	1504309 	1452941 	1386186 	1368657 	1360587 	1355618 	1348703 	1341526
36 	Хабаровский край[25] 	979679 	1173458 	1375752 	1608569 	1436570 	1343869 	1342083 	1339912 	1338305 	1334552 	1333294
37 	Тверская область 	1806787 	1717237 	1649022 	1670117 	1471459 	1353392 	1334061 	1325249 	1315071 	1304744 	1296799
38 	Кировская область 	1913600 	1727348 	1661546 	1692655 	1503529 	1341312 	1319076 	1310929 	1304348 	1297474 	1291684
39 	Ярославская область 	1395627 	1400224 	1424806 	1470357 	1367398 	1272468 	1271672 	1271766 	1271629 	1271912 	1270736
40 	Ульяновская область 	1117359 	1224748 	1270036 	1400806 	1382811 	1292799 	1274487 	1267561 	1262549 	1257621 	1252887
41 	Чувашская Республика 	1097859 	1223675 	1292486 	1336066 	1313754 	1251619 	1243431 	1239984 	1238071 	1236628 	1235863
42 	Брянская область 	1549945 	1581950 	1506850 	1474785 	1378941 	1278217 	1253666 	1242599 	1232940 	1225741 	1220530
43 	Вологодская область 	1307531 	1295897 	1309799 	1353870 	1269568 	1202444 	1196196 	1193371 	1191010 	1187685 	1183860
44 	Архангельская область[26] 	1267186 	1401289 	1467069 	1570256 	1336539 	1227626 	1202295 	1191785 	1183323 	1174078 	1165750
45 	Липецкая область 	1141567 	1224344 	1224653 	1230220 	1213499 	1173513 	1162235 	1159866 	1157865 	1156093 	1156221
46 	Рязанская область 	1444755 	1411590 	1361839 	1345924 	1227910 	1154114 	1144650 	1140844 	1135438 	1130103 	1126739
47 	Курская область 	1483305 	1473864 	1398889 	1339414 	1235091 	1127081 	1119262 	1118915 	1117378 	1120019 	1122893
48 	Архангельская область без НАО 	1230305 	1362170 	1420068 	1515416 	1294993 	1185536 	1159506 	1148760 	1139950 	1130240 	1121813
48 	Забайкальский край 	1036387 	1144918 	1233435 	1377975 	1155346 	1107107 	1095169 	1090344 	1087452 	1083012 	1078983
49 	Томская область 	746802 	785706 	865934 	1001613 	1046039 	1047394 	1064245 	1070128 	1074453 	1076762 	1078891
50 	Тамбовская область 	1549001 	1511938 	1390048 	1320763 	1178443 	1091994 	1075748 	1068934 	1062421 	1050295 	1040327
51 	Ивановская область 	1322152 	1339110 	1320968 	1317117 	1148329 	1061651 	1048961 	1043130 	1036909 	1029838 	1023170
52 	Астраханская область 	701974 	867483 	915548 	998114 	1005276 	1010073 	1013840 	1016516 	1021287 	1018626 	1018866
53 	Калужская область 	935852 	994876 	1006973 	1066833 	1041641 	1010930 	1005585 	1004544 	1010486 	1009772 	1014570
54 	Калининградская область 	610885 	731936 	806864 	871283 	955281 	941873 	954773 	963128 	968944 	976439 	986261
55 	Республика Бурятия 	673326 	812251 	900812 	1041119 	981238 	972021 	971810 	973860 	978495 	982284 	984134
56 	Республика Саха (Якутия) 	487343 	664123 	838808 	1081408 	949280 	958528 	955580 	954803 	956896 	959689 	962835
57 	Смоленская область 	1142969 	1106066 	1120748 	1158299 	1049574 	985537 	975188 	967896 	964791 	958630 	953201
58 	Кабардино-Балкарская Республика 	420115 	588203 	674605 	759586 	901494 	859939 	858946 	858397 	860709 	862254 	864454
59 	Курганская область 	999170 	1085560 	1080274 	1104872 	1019532 	910807 	885759 	877149 	869814 	861896 	854109
60 	Республика Коми 	815799 	964802 	1118421 	1261024 	1018674 	901189 	880639 	872057 	864424 	856831 	850554
61 	Республика Мордовия 	1001994 	1029562 	990617 	964132 	888766 	834755 	818566 	812156 	808888 	807453 	808541
62 	Амурская область 	717514 	793449 	937389 	1057781 	902844 	830103 	816910 	811274 	809873 	805689 	801752
63 	Мурманская область 	567672 	799527 	965462 	1146757 	892534 	795409 	780401 	771058 	766281 	762173 	757621
64 	Орловская область 	929013 	931028 	892505 	890636 	860262 	786935 	775826 	769980 	765231 	759721 	754816
65 	Республика Северная Осетия — Алания 	450581 	552581 	596921 	634009 	710275 	712980 	706123 	703977 	705270 	703745 	703262
66 	Республика Марий Эл 	647680 	684748 	702744 	749386 	727979 	696459 	690349 	688686 	687435 	685865 	684684
67 	Костромская область 	921945 	870575 	803870 	809882 	736641 	667562 	658906 	656389 	654390 	651450 	648157
68 	Псковская область 	951866 	875293 	850035 	846449 	760810 	673423 	661507 	656561 	651108 	646374 	642164
69 	Республика Карелия 	651346 	713451 	736022 	791317 	716281 	643548 	636932 	634402 	632533 	629875 	627083
70 	Новгородская область 	736529 	721471 	721790 	753054 	694355 	634111 	625855 	622430 	618703 	615692 	612522
71 	Республика Хакасия 	411047 	445824 	500106 	568605 	546072 	532403 	533025 	534079 	535796 	536781 	537668
72 	Ямало-Ненецкий автономный округ 	62334 	79977 	157616 	486164 	507006 	522904 	541612 	539671 	539985 	534104 	536049
73 	Сахалинская область 	649405 	615652 	654915 	709629 	546695 	497973 	493302 	491027 	488391 	487293 	487344
74 	Республика Ингушетия[27] 					467294 	412529 	442255 	453010 	463893 	472776 	480474
75 	Карачаево-Черкесская Республика 	277959 	344651 	368343 	417560 	439470 	477859 	471847 	469837 	469060 	467797 	466432
76 	Республика Адыгея 	284690 	385644 	404504 	432588 	447109 	439996 	444403 	446406 	449171 	451480 	453366
77 	Севастополь[22][28] 	152122 	254935 	333087 	392826 	376200 	378858 	381474 	383907 	398973 	416263 	428753
78 	Республика Тыва 	171928 	230864 	266453 	309129 	305510 	307930 	310460 	311761 	313777 	315637 	318550
79 	Камчатский край 	220753 	287612 	378491 	466096 	358801 	322079 	320549 	319864 	317269 	316116 	314729
80 	Республика Калмыкия 	184857 	267993 	293528 	322589 	292410 	289481 	284140 	282021 	280564 	278733 	277803
81 	Республика Алтай 	157161 	168261 	171835 	191649 	202947 	206168 	210344 	211645 	213703 	215161 	217007
82 	Еврейская автономная область 	162856 	172449 	190219 	215937 	190915 	176558 	172671 	170377 	168368 	166120 	164217
83 	Магаданская область[29] 	188889 	251297 	332845 	385340 	182726 	156996 	152358 	150312 	148071 	146345 	145570
84 	Чукотский автономный округ 	46689 	101184 	132859 	157528 	53824 	50526 	50780 	50555 	50540 	50157 	49822
85 	Ненецкий автономный округ 	36881 	39119 	47001 	54840 	41546 	42090 	42789 	43025 	43373 	43838 	43937
	РФ, всего[30] 	117534315 	130079210 	137550949 	147400537 	145166731 	142856536 	143347059 	143666931 	146267288 	146544710 	146804372
